p_val	avg_log2FC	pct.1	pct.2	p_val_adj
0	3.15462118973923	0.545	0.114	0
0	2.62232629786071	0.679	0.308	0
0	2.54631991130869	0.378	0.075	0
2.28872599858613e-246	2.49732766984977	0.407	0.198	7.92334053450531e-242
2.23715475928894e-209	2.0089129251662	0.31	0.118	7.74480606118239e-205
0	1.877039179013	0.549	0.275	0
0	1.78926476191545	0.672	0.213	0
0	1.72883686948947	0.924	0.753	0
1.14632245589904e-197	1.68745239612542	0.445	0.261	3.96845371007688e-193
0	1.66988816825927	0.405	0.131	0
0	1.61920027706769	0.366	0.088	0
4.39308824431531e-93	1.49514963160469	0.273	0.159	1.52084321929952e-88
0	1.48229046394687	0.777	0.493	0
5.1178735093066e-255	1.35338800693746	0.41	0.17	1.77175663018685e-250
6.35571354043367e-251	1.31664729545316	0.255	0.049	2.20028447056273e-246
3.42356787632448e-243	1.29428464285247	0.433	0.21	1.18520496310477e-238
0	1.27104900323073	0.76	0.581	0
2.34181077862012e-237	1.27046749774746	0.362	0.142	8.10711473450499e-233
0	1.2308084923893	0.398	0.077	0
0	1.22305600374505	0.482	0.012	0
3.3145563051558e-229	1.18390659837564	0.321	0.107	1.14746624728189e-224
2.71966073924016e-134	1.1646693885119	0.719	0.671	9.4151935131755e-130
2.17868185290373e-109	1.14040662185872	0.457	0.325	7.54237870656743e-105
4.1737818049278e-248	1.09206794587947	0.259	0.054	1.44492152304796e-243
2.14779601786504e-148	1.0705285587333	0.509	0.334	7.435455034247e-144
0.00028501834593702	1.0689260709637	0.402	0.421	1
0	1.06856049479589	0.27	0.022	0
4.35674504000510e-188	1.04964375969151	0.404	0.206	1.50826156539936e-183
8.40147053044638e-300	0.971761960035256	0.254	0.03	2.90850508293523e-295
1.3578982406348e-230	0.965395579894716	0.449	0.22	4.70090791925361e-226
7.25102246592181e-156	0.948655137882309	0.465	0.295	2.51023146747747e-151
2.3023739183532e-205	0.92675628450978	0.462	0.253	7.97058826794695e-201
3.8742664854986e-70	0.905420118039349	0.442	0.346	1.34123231461476e-65
1.09828255883493e-116	0.88468917499008	0.398	0.245	3.80214439043064e-112
0	0.881930036495535	0.751	0.556	0
2.94241408857865e-292	0.879015472483677	0.633	0.426	1.01863433332504e-287
7.07679377085414e-164	0.878853124889695	0.334	0.16	2.449915235532e-159
1.26717125259456e-172	0.842748005431554	0.623	0.456	4.3868201593571e-168
3.04293493766915e-66	0.833711361643145	0.446	0.359	1.05343364607168e-61
8.93703474528787e-177	0.819252865567572	0.439	0.251	3.09391205847121e-172
1.1844956156067e-157	0.810473157634761	0.516	0.328	4.10060537166882e-153
1.12154550643569e-64	0.79151412367126	0.454	0.359	3.8826783887297e-60
1.0676526421713e-306	0.784216712355692	0.655	0.445	3.69610668193283e-302
1.12917986956955e-179	0.78177704817932	0.273	0.096	3.90910779046282e-175
0	0.760576374378447	0.868	0.728	0
1.75457072901432e-61	0.757778983973243	0.323	0.222	6.07414840677466e-57
1.70850941145531e-143	0.755182731342707	0.343	0.174	5.91468873151714e-139
4.37779260240538e-197	0.75034600958695	0.908	0.81	1.51554802102672e-192
5.03187006623942e-132	0.748273559938717	0.642	0.5	1.74198309823142e-127
1.49582249690019e-278	0.730170217916521	0.775	0.633	5.17838790201876e-274
1.09575279508226e-141	0.705201071247693	0.36	0.192	3.79338660129528e-137
9.53948361116283e-238	0.697768170764615	0.568	0.349	3.30247383134846e-233
6.17686921442489e-101	0.696877251208377	0.255	0.129	2.13837035334175e-96
4.59402622277403e-31	0.695946178081504	0.662	0.638	1.59040593806214e-26
1.7105764809208e-190	0.692216895995982	0.33	0.141	5.9218447192997e-186
3.34548237231255e-137	0.68875403692144	0.421	0.264	1.15817254247088e-132
0	0.680961068846399	0.252	0.004	0
4.55409891921893e-189	0.676394156611852	0.62	0.434	1.5765835048444e-184
2.66789795078831e-77	0.671046006931258	0.353	0.239	9.23599591583404e-73
5.82638639123847e-07	0.633003816602843	0.433	0.444	0.0201703670478285
6.9590973868486e-104	0.630101856554124	0.429	0.293	2.40916992435312e-99
1.48009872750825e-197	0.62806710381316	0.323	0.126	5.12395378476082e-193
5.83757178786559e-144	0.625531407667804	0.35	0.174	2.02090897724119e-139
1.55759497812244e-60	0.625259282845541	0.761	0.702	5.39223805476208e-56
2.60008803186842e-81	0.609707754432685	0.386	0.266	9.0012447575253e-77
6.7505719172788e-99	0.609179776213885	0.397	0.255	2.33698049204275e-94
2.71155643634967e-93	0.608975114358306	0.372	0.241	9.38713722699892e-89
1.67776680342147e-187	0.603973041285655	0.272	0.089	5.80826089676479e-183
2.67326418125822e-116	0.603921047007236	0.25	0.111	9.25457326909784e-112
2.45835509283e-98	0.584099010098986	0.577	0.457	8.51057949586817e-94
5.33110665527674e-72	0.581429601129143	0.682	0.617	1.84557581299026e-67
8.97296203603748e-89	0.580645263323317	0.535	0.425	3.10634972725581e-84
1.10885915243038e-208	0.569583571687328	0.296	0.094	3.83875949979872e-204
6.40173067090542e-74	0.562361963056775	0.418	0.307	2.21621514096075e-69
1.2251742726045e-109	0.560700068627183	0.685	0.614	4.2414308143295e-105
6.66968390607178e-102	0.560175819768811	0.716	0.616	2.30897787144299e-97
1.22525752264605e-77	0.556941301263342	0.441	0.339	4.24171901764835e-73
3.92133335787399e-155	0.551549542013284	0.681	0.544	1.3575263951624e-150
9.48393795389673e-79	0.550905617424789	0.342	0.215	3.28324448025951e-74
4.3493121998321e-198	0.54768513246296	0.753	0.605	1.50568839045987e-193
7.91305771217695e-124	0.543853760620392	0.351	0.194	2.73942144937854e-119
1.02965045665703e-149	0.537957232729782	0.592	0.432	3.56454691590099e-145
4.17766795701564e-91	0.535790449532043	0.361	0.225	1.44626687003924e-86
5.58110205632919e-90	0.534803941015897	0.414	0.279	1.9321217208806e-85
1.57904679996671e-55	0.528348920506112	0.519	0.436	5.46650211680474e-51
7.59804038926477e-130	0.524159514816654	0.32	0.164	2.63036560235957e-125
3.78923007733374e-50	0.522868552807324	0.478	0.41	1.31179356047217e-45
2.61682295081968e-88	0.522237323405571	0.529	0.417	9.05917937344265e-84
1.42897286977179e-82	0.520865055004587	0.542	0.437	4.94696117786296e-78
3.68266564205463e-44	0.517544952910587	0.555	0.494	1.27490201862289e-39
1.96527174519614e-74	0.516134148335281	0.344	0.236	6.80357425469452e-70
1.6515665427144e-83	0.508333579450377	0.298	0.177	5.71755821422296e-79
1.8096080606854e-170	0.507285349941752	0.273	0.098	6.26468214528678e-166
1.40611561972433e-89	0.502506225276762	0.669	0.633	4.86783166392364e-85
2.65854848611774e-56	0.496587109448312	0.27	0.179	9.20362900409099e-52
8.59315063725783e-92	0.49642901468581	0.275	0.155	2.97486281911229e-87
3.57294086467644e-93	0.490688043164132	0.397	0.268	1.23691639794234e-88
8.52062067925734e-127	0.490289333913841	0.615	0.49	2.9497536729521e-122
3.76434068536212e-109	0.489145949067133	0.585	0.455	1.30317710186551e-104
4.54202190171657e-94	0.485598636866352	0.377	0.242	1.57240256215526e-89
2.52867640402599e-128	0.481918774838445	0.435	0.279	8.75402484309758e-124
3.32869759759456e-70	0.476290604368113	0.281	0.175	1.15236182131126e-65
7.49926657578448e-27	0.473214582796482	0.428	0.365	2.59617109587083e-22
6.61107945540937e-92	0.471815177681837	0.965	0.945	2.28868959666817e-87
2.99973966447918e-82	0.470642611328346	0.284	0.166	1.03847987444605e-77
1.0206808863967e-113	0.469977587090038	0.394	0.242	3.53349516061673e-109
2.71564538816084e-97	0.469779019042568	0.687	0.601	9.401292769274e-93
1.16003524430106e-168	0.469291550730167	0.737	0.616	4.01592601224583e-164
2.88603014373487e-55	0.460357968200222	0.409	0.317	9.99114775459576e-51
9.57971376711392e-23	0.459349498150356	0.674	0.673	3.31640110903717e-18
8.67070176731777e-33	0.45838238263714	0.575	0.535	3.00171024482774e-28
6.28153487351041e-86	0.458251241514225	0.434	0.306	2.17460455786057e-81
1.33316888556081e-76	0.456507899820064	0.382	0.264	4.61529736492297e-72
7.98036564019277e-92	0.455302456438323	0.356	0.229	2.76272278097833e-87
2.1548059879415e-132	0.452154460523993	0.259	0.108	7.45972284965469e-128
8.04442368126228e-24	0.449230331779902	0.324	0.266	2.78489903421619e-19
3.75602633613389e-78	0.447278546736364	0.457	0.338	1.30029875730619e-73
1.47757238115833e-101	0.445858264702556	0.25	0.12	5.11520782633203e-97
1.63778644657378e-11	0.444519292141313	0.347	0.314	5.66985289939378e-07
9.0516929034306e-85	0.443369186505698	0.42	0.294	3.13360556623864e-80
3.21361235429689e-61	0.439717278459604	0.638	0.56	1.11252046093404e-56
1.41253297667858e-79	0.437657492072194	0.753	0.689	4.89004791196359e-75
2.00344885763079e-62	0.434992507379852	0.702	0.643	6.93573960023202e-58
3.88163856133666e-93	0.434967916054664	0.539	0.422	1.34378445354914e-88
9.5253466738466e-60	0.433885687314411	0.507	0.415	3.29757976501895e-55
6.18361152316772e-132	0.432983869278289	0.714	0.569	2.14070447320543e-127
3.59606139677433e-77	0.429847296225427	0.524	0.396	1.24492049494931e-72
1.11470226160322e-120	0.428756693330422	0.581	0.442	3.85898775944419e-116
1.63082399618613e-29	0.428556364844668	0.255	0.192	5.64574959239675e-25
3.35952769717565e-09	0.428018674799837	0.357	0.333	0.000116303489348524
5.39664280701095e-29	0.425426805582853	0.251	0.191	1.86826377335912e-24
0.728376633403092	0.423613502870142	0.292	0.315	1
8.26409770610413e-77	0.422388140307542	0.551	0.442	2.86094798487619e-72
1.25608661648032e-25	0.418174808370478	0.295	0.238	4.34844625759322e-21
4.92088003636835e-102	0.41732474425654	0.461	0.325	1.70355945979036e-97
2.56835888906847e-32	0.416627888860303	0.488	0.431	8.89140163806615e-28
6.00646883092746e-62	0.414562011713555	0.401	0.302	2.07937944457878e-57
2.3508969785087e-124	0.41187181846182	0.683	0.554	8.13857024989928e-120
3.04090796885411e-32	0.409315183616807	0.27	0.205	1.0527319297376e-27
2.24869321746681e-108	0.406208752719251	0.662	0.544	7.78475104954835e-104
6.2485060155529e-51	0.404314118891454	0.338	0.25	2.16317029752426e-46
3.74492788647666e-76	0.402875298154758	0.813	0.779	1.29645658501935e-71
5.44791505131385e-68	0.40269690463196	0.718	0.652	1.88601371161434e-63
3.62242980608581e-44	0.401213535779593	0.492	0.408	1.25404897456885e-39
1.81312470527568e-60	0.400731411910541	0.35	0.251	6.27685641719389e-56
3.36513138564173e-13	0.399452495569725	0.486	0.564	1.16497483439531e-08
1.77888738119989e-65	0.395436216043075	0.353	0.246	6.15833022497589e-61
2.07864577897921e-79	0.393122664444805	0.295	0.17	7.19606382224812e-75
1.46600982730503e-43	0.393112570084239	0.615	0.544	5.07517942114728e-39
3.002338901745e-16	0.392454432428056	0.568	0.551	1.0393797043951e-11
5.20443017420249e-73	0.391340858308941	0.525	0.428	1.80172168200716e-68
2.94969628217798e-20	0.390335536464523	0.472	0.43	1.0211553559272e-15
2.80105787467024e-140	0.389429960923367	0.802	0.714	9.69698225632089e-136
2.15971929403367e-56	0.389349446444775	0.341	0.245	7.47673222401516e-52
7.4679418253628e-58	0.388612241640589	0.753	0.715	2.58532678052235e-53
6.06793281122364e-40	0.383370786860997	0.292	0.209	2.10065765991751e-35
2.71055964245493e-45	0.383287337861077	0.773	0.741	9.38368642621471e-41
1.31352162180277e-30	0.378789434195293	0.359	0.296	4.54728050251901e-26
8.49739407473061e-89	0.37814102310478	0.717	0.643	2.94171285473099e-84
8.41212783246904e-127	0.377606152614551	0.956	0.927	2.91219453432246e-122
4.80807868731683e-67	0.373899054043569	0.678	0.593	1.66450876076221e-62
2.36548335042809e-95	0.373585192399045	0.699	0.603	8.18906681084701e-91
5.63459503597905e-80	0.373278433710269	0.626	0.526	1.95064045550559e-75
3.63176107410093e-34	0.372954814852987	0.648	0.578	1.257279366243e-29
1.79139994391782e-46	0.369807445101879	0.455	0.374	6.20164746584909e-42
1.35105807961808e-76	0.368569505346025	0.736	0.635	4.67722796582985e-72
5.69699712262802e-64	0.366168196955974	0.298	0.193	1.97224343388259e-59
3.55987035532408e-44	0.364274968019015	0.459	0.372	1.23239151830964e-39
1.88135593881982e-91	0.363951009873741	0.682	0.588	6.51306612460035e-87
7.5551524807477e-25	0.363691719727373	0.475	0.428	2.61551823731005e-20
3.1362322417553e-106	0.36317446318943	0.779	0.711	1.08573223977327e-101
5.80495985987657e-16	0.362344525642103	0.757	0.749	2.00961905389067e-11
1.17739551297565e-96	0.362052373113602	0.693	0.59	4.07602552637039e-92
6.01299608523712e-97	0.361305733483782	0.942	0.927	2.08163911474824e-92
4.47978594123222e-57	0.361188031481595	0.471	0.377	1.55085709499518e-52
5.96905702404642e-55	0.360925512658339	0.384	0.288	2.06642785115463e-50
9.40855527306165e-69	0.360177713303052	0.581	0.488	3.25714774998121e-64
5.76317830482883e-40	0.357824656028711	0.325	0.245	1.99515469734869e-35
3.08459082812366e-48	0.357468563709575	0.298	0.211	1.06785449878813e-43
5.93540304778375e-50	0.35651611059104	0.289	0.198	2.05477718111226e-45
6.93884108639489e-36	0.355065599275205	0.52	0.466	2.40215739569905e-31
2.45147094479202e-46	0.353839719713561	0.343	0.256	8.48674726377549e-42
2.03163282489962e-31	0.353827686489484	0.515	0.458	7.03330967652001e-27
2.21657305766655e-38	0.353168371248554	0.586	0.521	7.67355426833585e-34
1.24125992462579e-28	0.352031783324106	0.444	0.388	4.29711773306204e-24
7.88539203101091e-78	0.350209683554368	0.574	0.476	2.72984386721567e-73
9.38245570875917e-65	0.349640003021923	0.398	0.291	3.24811234181534e-60
1.38471839975621e-05	0.349523347848109	0.63	0.634	0.479375662811602
1.34545970049722e-64	0.349383812412153	0.421	0.316	4.65784693715134e-60
1.73417664240555e-24	0.349308962474614	0.266	0.208	6.00354611834377e-20
1.00616643527225e-19	0.348695618505779	0.838	0.895	3.483247582269e-15
3.72811341466909e-93	0.34705048932981	0.778	0.688	1.29063558302429e-88
1.00024863473157e-13	0.344127196728538	0.584	0.573	3.46276074857722e-09
2.35504633045177e-51	0.342809116010314	0.503	0.419	8.15293489139097e-47
1.16494009314755e-101	0.340893827280308	0.744	0.633	4.03290610846749e-97
9.54242699304647e-81	0.340375129959259	0.288	0.168	3.30349280072276e-76
1.15469636425541e-42	0.339260468817034	0.743	0.701	3.99744334341581e-38
6.25537512919797e-95	0.335374715303504	0.752	0.665	2.16554831597704e-90
5.91024423039445e-29	0.33485915192381	0.691	0.65	2.04606745012026e-24
6.51705488864364e-71	0.334043347629225	0.833	0.783	2.25613923189954e-66
4.7101216022387e-24	0.331901443050995	0.353	0.299	1.63059699747902e-19
1.81372517172493e-80	0.327983621857047	0.819	0.774	6.27893517199454e-76
1.19755612346279e-64	0.327805658884247	0.481	0.378	4.14581954381582e-60
2.89325475136075e-52	0.325804936126257	0.49	0.399	1.00161586237358e-47
1.91323339193226e-70	0.325688444935101	0.699	0.631	6.62342267953028e-66
5.60175882171679e-77	0.324573873675948	0.711	0.614	1.93927288649013e-72
5.35744763945875e-55	0.32324366663812	0.668	0.602	1.85469479830422e-50
4.68665006794381e-55	0.323040293972692	0.733	0.687	1.62247138702147e-50
1.43797828843825e-15	0.322714144263388	0.373	0.336	4.97813703674438e-11
4.01254082987123e-44	0.320974986231193	0.624	0.563	1.38910150989312e-39
3.12391266875638e-16	0.320968251279409	0.644	0.724	1.08146732679677e-11
7.36956647069927e-57	0.32055627981008	0.551	0.469	2.55127021649138e-52
1.30588418376494e-37	0.3200992687576	0.398	0.316	4.52084045577583e-33
1.31362070499317e-45	0.31871145295866	0.49	0.408	4.54762351861587e-41
4.71317622899595e-31	0.317868093593024	0.435	0.376	1.63165447871611e-26
2.50006201491156e-41	0.317727329063863	0.444	0.369	8.65496468942233e-37
1.59338952612646e-75	0.31601691397027	0.897	0.844	5.51615520049718e-71
7.65137065129264e-22	0.315987830346335	0.494	0.452	2.648828005771e-17
7.55283363857599e-30	0.315877268680796	0.756	0.838	2.61471547733862e-25
2.68858250240376e-46	0.313560804598335	0.656	0.608	9.30760376507156e-42
1.26439785488016e-42	0.311112508455653	0.598	0.529	4.37721893380961e-38
1.32128733349816e-50	0.310458447351444	0.371	0.277	4.57416461983728e-46
7.26286052693089e-20	0.310412744311018	0.331	0.283	2.5143296858182e-15
1.23011091664843e-46	0.309729368741512	0.375	0.287	4.25852098234521e-42
4.1599193578592e-53	0.309510866444346	0.41	0.315	1.44012248249728e-48
1.26061391295405e-22	0.309235818322485	0.306	0.252	4.36411930525562e-18
5.75210586799555e-48	0.308701440127418	0.294	0.206	1.99132153044138e-43
1.04648404946783e-19	0.308463920609977	0.34	0.293	3.62282313085267e-15
1.34377636910177e-61	0.308016766795303	0.322	0.218	4.6520194121934e-57
1.29816629352594e-71	0.307795385568883	0.72	0.652	4.49412189155746e-67
8.15465817304794e-21	0.307582359410777	0.274	0.222	2.82306111292747e-16
4.92690056637278e-59	0.30703200443143	0.489	0.384	1.70564370707259e-54
2.95704094673667e-41	0.306105408982556	0.397	0.301	1.02369800535077e-36
1.02896027284698e-44	0.305800966081193	0.403	0.315	3.56215756856896e-40
9.6658375692129e-60	0.30481218653915	0.412	0.31	3.34621630808581e-55
7.57701467901735e-34	0.304272677697585	0.288	0.215	2.62308671172902e-29
2.33006780841618e-47	0.303603003459677	0.365	0.276	8.06646174595596e-43
1.01629030042554e-55	0.303439907065397	0.399	0.297	3.51829539104318e-51
4.14055465281124e-19	0.302394618945297	0.497	0.457	1.43341861525672e-14
5.7621933260153e-80	0.302322876958995	0.749	0.668	1.99481370753324e-75
1.62319241318312e-65	0.302125738829425	0.583	0.49	5.61932981519866e-61
3.30385546253226e-48	0.302018694238321	0.446	0.354	1.14376172257404e-43
8.17214442813573e-103	0.301772946278484	0.879	0.812	2.82911467957631e-98
2.57211481246672e-48	0.301505397544408	0.505	0.423	8.90440426927854e-44
3.61291525693762e-54	0.300868469374785	0.532	0.444	1.25075513279923e-49
1.33490927380993e-30	0.299121484360792	0.408	0.344	4.6213224150026e-26
6.40464261170436e-51	0.296582516018454	0.675	0.603	2.21722322574593e-46
7.26588612322822e-45	0.296576130110051	0.583	0.512	2.51537711700038e-40
1.39693158391103e-38	0.296246808320135	0.371	0.294	4.83603745034161e-34
3.85111255440952e-47	0.295270575897356	0.549	0.47	1.33321665521103e-42
1.33662373191022e-47	0.295262048946784	0.318	0.23	4.62725769749997e-43
1.94258222006755e-29	0.29502733735913	0.593	0.551	6.72502538765185e-25
3.41515087717395e-25	0.294658934777315	0.698	0.674	1.18229108216885e-20
4.1101966157099e-33	0.294360517090046	0.393	0.327	1.42290896639261e-28
5.67314847003101e-42	0.292392198982402	0.631	0.576	1.96398726884004e-37
5.43229733050701e-08	0.292087419721332	0.254	0.23	0.00188060701284822
1.14085768670303e-43	0.291741972186512	0.47	0.395	3.94953522559721e-39
1.85436599098757e-67	0.290831986195898	0.815	0.779	6.41962962419988e-63
8.41510054782535e-39	0.290805305450573	0.56	0.495	2.91322365865166e-34
1.32874292833826e-35	0.290543652999035	0.625	0.559	4.59997514361422e-31
2.04954995489791e-45	0.290315800155354	0.294	0.209	7.09533698886107e-41
5.78459989573911e-44	0.290237211312711	0.458	0.377	2.00257063790592e-39
8.02260574935267e-29	0.289671852302692	0.394	0.334	2.7773458843684e-24
2.37731699576168e-59	0.288888694928779	0.682	0.597	8.23003370762736e-55
5.18934886721371e-41	0.288530517003282	0.523	0.46	1.79650068434071e-36
5.71083533289506e-27	0.287674418774945	0.282	0.219	1.97703408389494e-22
5.00952897446782e-32	0.287027545448277	0.325	0.255	1.73424883567101e-27
4.80004089451655e-39	0.28646520790164	0.389	0.302	1.66172615727268e-34
2.06412204982872e-23	0.2860828604046	0.264	0.209	7.14578412430206e-19
1.12723538447402e-60	0.285632273870447	0.948	0.937	3.9023761775106e-56
5.76612635161545e-46	0.285599969712732	0.328	0.242	1.99617528166575e-41
1.95296897185393e-51	0.284539091203328	0.616	0.548	6.76098328366111e-47
2.65321835992274e-39	0.284435015285755	0.257	0.179	9.18517664021655e-35
1.7529615336312e-40	0.284095964048885	0.592	0.525	6.06857753327786e-36
3.10042572479935e-27	0.284030269819232	0.371	0.304	1.07333638166829e-22
4.41775388301303e-36	0.282336477792758	0.258	0.181	1.52938221676028e-31
9.36464341337676e-33	0.282268757120418	0.583	0.534	3.2419459032769e-28
1.00474818213442e-52	0.281572015871107	0.422	0.325	3.47833773173116e-48
1.90051545778771e-42	0.281147890026482	0.487	0.411	6.57939446331528e-38
5.59195975441098e-38	0.279284965642442	0.295	0.215	1.93588054737954e-33
3.16405298123258e-55	0.278505254295413	0.396	0.295	1.09536350157291e-50
3.27613771664798e-71	0.278047760769368	0.828	0.771	1.13416611612636e-66
2.14346986592687e-52	0.277056477192485	0.325	0.228	7.42047832885223e-48
7.46681412189268e-45	0.276475432852546	0.667	0.607	2.58493638085803e-40
3.67731609114701e-46	0.274177201821319	0.587	0.51	1.27305005759418e-41
6.96589905585725e-40	0.273615716443274	0.608	0.555	2.41152459414722e-35
1.29164004688162e-50	0.27336676465316	0.36	0.266	4.47152867829947e-46
1.56082247709973e-50	0.273234033782696	0.439	0.348	5.40341133347156e-46
2.39521417565429e-39	0.272953030567561	0.467	0.392	8.2919919546976e-35
8.18450416227642e-51	0.27253996732918	0.321	0.226	2.83339349593847e-46
1.46759346627219e-18	0.271882641539287	0.476	0.437	5.08066182088771e-14
1.82223169053512e-40	0.271757987266201	0.332	0.249	6.30838388946355e-36
2.93267652965857e-41	0.271654326567342	0.385	0.301	1.0152632878025e-36
1.81356336346159e-32	0.271549876893497	0.554	0.499	6.27837500796769e-28
1.09247575971699e-16	0.270338342555467	0.361	0.311	3.78204183256426e-12
6.87363577356459e-46	0.269939038163842	0.602	0.532	2.37958396845033e-41
1.36508281421897e-48	0.269665127889711	0.484	0.397	4.72578019454464e-44
2.24623378149904e-52	0.269080730186101	0.639	0.561	7.77623672817152e-48
2.06613296424781e-20	0.268657182828476	0.322	0.258	7.15274570892948e-16
1.12602058521578e-46	0.268572646649077	0.425	0.334	3.89817066395849e-42
1.39327284978946e-39	0.268494938828211	0.385	0.303	4.82337127868612e-35
5.45811461406063e-28	0.268318112753123	0.308	0.245	1.88954469824165e-23
1.15422974926482e-22	0.26801053817055	0.293	0.24	3.99582796897988e-18
7.54633787032381e-42	0.267414500497342	0.444	0.364	2.6124667073274e-37
3.61497747007642e-66	0.26721521444918	0.86	0.821	1.25146905036575e-61
1.17736010464135e-36	0.266898868488153	0.534	0.464	4.0759029462579e-32
1.29675013226101e-26	0.266829705089611	0.311	0.251	4.4892192828744e-22
9.79046940595238e-24	0.266542044447057	0.353	0.296	3.38936260364665e-19
2.79232400471475e-27	0.266153204371157	0.372	0.308	9.66674647192199e-23
1.30662988064548e-28	0.265991268417862	0.442	0.378	4.52342198380658e-24
4.46904649336165e-69	0.264622908510332	0.889	0.858	1.54713920553687e-64
1.25454199038748e-48	0.264542929920248	0.411	0.317	4.34309891652242e-44
2.95895267548885e-34	0.263717095840096	0.679	0.644	1.02435982672749e-29
5.98510243645202e-37	0.26367778089644	0.602	0.544	2.07198261247532e-32
5.91034122629697e-20	0.262525346523314	0.488	0.448	2.04610102913175e-15
2.73267045631803e-44	0.262322801156797	0.393	0.306	9.4602318527274e-40
2.41405136648256e-49	0.261817026671459	0.872	0.851	8.35720442562597e-45
1.06009323698977e-26	0.259846611543206	0.402	0.341	3.66993677713487e-22
3.1257141246544e-33	0.259773031785955	0.35	0.271	1.08209097281411e-28
2.92248622483094e-22	0.259762539307088	0.653	0.612	1.01173550617422e-17
3.81935101883193e-39	0.259505509997437	0.265	0.189	1.32222112920942e-34
1.96755120723953e-06	0.259412984754373	0.256	0.237	0.0681146552434254
5.81097667862707e-34	0.259297029265327	0.279	0.205	2.01170201637391e-29
3.32315172664585e-42	0.258050517244832	0.508	0.433	1.15044189624753e-37
5.97173387610021e-17	0.257440740917367	0.394	0.351	2.06735455056713e-12
8.24986769075695e-37	0.256569043415473	0.523	0.459	2.85602169586315e-32
3.09439248463028e-42	0.256102842771697	0.656	0.589	1.07124773425416e-37
5.36892339728729e-46	0.255688408458656	0.254	0.169	1.85866759090689e-41
7.33927463489455e-40	0.255370100997572	0.341	0.261	2.54078348585414e-35
2.38729938282501e-13	0.25420277341611	0.476	0.451	8.2645917334019e-09
2.00358077737178e-37	0.25377374633359	0.305	0.227	6.93619629318337e-33
3.76068874132989e-43	0.25355972350357	0.681	0.626	1.30191283536099e-38
1.23696694939971e-14	0.253375353915384	0.35	0.311	4.28225588212686e-10
2.7914589899192e-35	0.253234813403626	0.313	0.237	9.66375187720127e-31
5.30773755037213e-17	0.252152706834721	0.576	0.542	1.83748566256333e-12
3.02171162139922e-49	0.251734908861769	0.251	0.162	1.0460863462122e-44
5.83575834438204e-36	0.251453269466502	0.388	0.31	2.02028118124162e-31
2.24455924956497e-11	0.251277840467854	0.451	0.433	7.77043966606897e-07
6.0414240026639e-37	0.25123876282611	0.531	0.466	2.09148057548221e-32
1.17151096682007e-42	0.250783848116468	0.455	0.371	4.05565381603442e-38
6.48763803270644e-42	0.250492235725999	0.595	0.53	2.24595541054264e-37
2.32569013813509e-24	0.25012485642188	0.614	0.571	8.05130668920987e-20
5.58660018287461e-66	-0.25001635494052	0.154	0.255	1.93402511730936e-61
1.4250004525674e-50	-0.250496267322619	0.604	0.712	4.93320906674307e-46
5.03870606369245e-75	-0.250603488167255	0.877	0.925	1.74434965218969e-70
1.61780678521071e-43	-0.251960062924083	0.275	0.371	5.60068530972096e-39
3.30274194139498e-41	-0.252073614647645	0.556	0.656	1.14337623269153e-36
7.64670340984365e-46	-0.253355888974878	0.354	0.454	2.64721225345378e-41
2.86420035717358e-28	-0.25379607790871	0.188	0.258	9.91557521649921e-24
2.54503643015669e-77	-0.254607689199265	0.593	0.74	8.81066161755945e-73
2.59099038209417e-61	-0.254896870285432	0.725	0.807	8.96974960377182e-57
7.98676647811537e-73	-0.254940772786075	0.355	0.492	2.76493868705876e-68
3.24398797119227e-84	-0.255230675125989	0.948	0.935	1.12303619574705e-79
3.38266629875539e-67	-0.256010167438114	0.416	0.546	1.17104524596613e-62
8.88841105578581e-59	-0.256332112420744	0.522	0.638	3.07707902340249e-54
6.0058093106556e-57	-0.256458094952341	0.674	0.768	2.07915112525586e-52
7.62718424911673e-48	-0.258343325631627	0.306	0.406	2.64045491520172e-43
1.51737963647266e-86	-0.259240277281959	0.844	0.966	5.2530165635047e-82
2.42719846476821e-61	-0.259615578756253	0.506	0.628	8.40271836518107e-57
1.94057699317702e-59	-0.260459835162234	0.8	0.872	6.71808349267954e-55
1.42425513015904e-56	-0.261518539982665	0.37	0.479	4.93062883509758e-52
4.78109547092694e-63	-0.262600164644696	0.453	0.579	1.6551674410802e-58
9.06758708072619e-59	-0.26272257713748	0.583	0.691	3.1391079714766e-54
9.62873304389295e-63	-0.263224487308862	0.554	0.669	3.3333710924653e-58
7.84184607822495e-60	-0.2647265875936	0.345	0.461	2.7147686938207e-55
7.92624149573043e-66	-0.265106879488397	0.817	0.885	2.74398554340692e-61
5.0195590676055e-82	-0.267196137707317	0.804	0.902	1.73772115361435e-77
7.45693509043047e-70	-0.267870389308616	0.409	0.539	2.58151635895612e-65
2.39040012028476e-66	-0.268232910062107	0.435	0.559	8.27532617641383e-62
2.07700475498431e-67	-0.269437218407422	0.197	0.307	7.19038276128019e-63
1.6345000047394e-105	-0.269690879501881	0.945	0.974	5.65847556640733e-101
2.04490836174978e-80	-0.270868891484454	0.238	0.368	7.07926825754158e-76
5.52750277367938e-56	-0.271167606873141	0.191	0.287	1.91356618522007e-51
8.47391370140228e-71	-0.271749961057705	0.383	0.519	2.93358418428845e-66
3.78183676075049e-156	-0.272380106755099	1	1	1.30923406820421e-151
2.3021532403667e-126	-0.272751029572907	0.926	0.977	7.96982430282546e-122
2.55502198308624e-67	-0.272822592336978	0.5	0.632	8.84523060324624e-63
1.24414164329588e-52	-0.273897822531175	0.645	0.718	4.307093954926e-48
1.13305306171575e-77	-0.274026061284924	0.472	0.624	3.92251639435377e-73
3.62391586256225e-40	-0.275496772072061	0.558	0.641	1.25456343246042e-35
1.41975366815972e-61	-0.275717736708372	0.3	0.417	4.91504522380215e-57
1.69791273027616e-50	-0.275969661304627	0.319	0.425	5.87800408094304e-46
1.16835694622774e-74	-0.276191694663219	0.602	0.729	4.04473491214581e-70
1.15431076022636e-97	-0.278023605462843	0.138	0.256	3.99610842082765e-93
1.85545101974268e-60	-0.280975922049389	0.723	0.816	6.4233858852472e-56
3.22091119813529e-75	-0.280984001773788	0.272	0.401	1.11504724768245e-70
6.01003419836976e-88	-0.281156720035151	0.272	0.415	2.08061373913363e-83
8.68809909653481e-76	-0.282011663021915	0.343	0.48	3.00773302622939e-71
3.04133555454698e-56	-0.283232299018043	0.304	0.418	1.05287995562862e-51
1.92879396489304e-59	-0.284420615083192	0.408	0.532	6.6772918270632e-55
6.01697931584725e-72	-0.284672306754461	0.7	0.795	2.08301806935316e-67
1.94587276759499e-73	-0.2849234041805	0.628	0.739	6.73641693413709e-69
6.34668638596187e-84	-0.285246016932644	0.709	0.816	2.19715935995614e-79
4.77312394847741e-56	-0.286007497185578	0.303	0.41	1.65240777972339e-51
8.88734855476214e-56	-0.286466507605511	0.186	0.282	3.0767111961731e-51
3.30006902943771e-73	-0.286748382228841	0.689	0.791	1.14245089730104e-68
5.01035151120864e-92	-0.287496941442737	0.795	0.912	1.73453358966532e-87
1.59118134498583e-103	-0.288281383589011	0.176	0.315	5.50851069820645e-99
3.64979410522249e-96	-0.290909861677555	0.596	0.733	1.26352222128697e-91
4.3778520012894e-99	-0.291293072973141	0.748	0.889	1.51556858432638e-94
2.51398721913924e-56	-0.291515732187814	0.295	0.405	8.70317235393812e-52
4.45490737707491e-72	-0.291844058795208	0.671	0.772	1.54224438486956e-67
7.63769816842807e-83	-0.292083978912138	0.526	0.67	2.64409472892811e-78
9.51620743718107e-51	-0.293592134358575	0.538	0.626	3.29441585267772e-46
5.59585656400828e-35	-0.29363545443946	0.546	0.624	1.93722958389403e-30
1.75789587094056e-133	-0.294134584487365	0.539	0.762	6.08565971560912e-129
1.67081958670664e-70	-0.294729802184208	0.317	0.445	5.7842103272197e-66
1.33956775841383e-85	-0.295461748450253	0.542	0.679	4.63744962285284e-81
9.02231046869263e-113	-0.296297766576782	0.881	0.938	3.1234336611567e-108
2.56189092333708e-84	-0.298267007823727	0.861	0.912	8.86901018750065e-80
2.13353860893186e-119	-0.299215461130395	0.899	0.956	7.38609731026119e-115
1.03091917808785e-81	-0.300551915340562	0.615	0.736	3.56893910262234e-77
1.70451286366734e-65	-0.303638416054726	0.432	0.554	5.90085308272996e-61
1.85561193530668e-134	-0.303851757867995	0.118	0.255	6.42394295883819e-130
3.58962591782205e-101	-0.304090127681366	0.152	0.276	1.24269259649082e-96
1.28933323885322e-79	-0.304517046894489	0.965	0.996	4.46354273958597e-75
2.00929465293001e-44	-0.305929948948655	0.245	0.337	6.95597715897839e-40
9.42572714991984e-99	-0.305990859578729	0.55	0.704	3.26309248203075e-94
6.35992927594062e-37	-0.306866676451095	0.184	0.26	2.20174391603788e-32
1.11890450207862e-80	-0.307609575303117	0.558	0.686	3.87353549574598e-76
1.11984062570411e-96	-0.308925863512805	0.559	0.715	3.87677626212505e-92
9.38170829586309e-107	-0.310267709749767	0.771	0.88	3.24785359494484e-102
2.50135909869252e-92	-0.311221323308898	0.718	0.813	8.65945506376363e-88
7.57072994931187e-116	-0.31227926144143	0.778	0.908	2.62091100115228e-111
2.77500809292623e-143	-0.312312486054799	0.899	0.978	9.60680051690131e-139
9.69927609843156e-115	-0.312640330950855	0.929	0.924	3.35779239251602e-110
2.76361206674187e-90	-0.314121144977316	0.452	0.602	9.56734861385367e-86
1.75025453750222e-95	-0.316758353408842	0.851	0.912	6.05920618337894e-91
1.86194406861002e-145	-0.317354579748569	0.965	0.998	6.44586417112102e-141
2.79647489280294e-150	-0.31917520450469	0.912	0.968	9.68111643139448e-146
9.83933063573519e-68	-0.319549290524411	0.349	0.471	3.40627787278517e-63
7.98775111255901e-71	-0.321670636460023	0.794	0.865	2.76527955765681e-66
1.75326990572595e-127	-0.324185320775383	0.733	0.879	6.06964508663267e-123
1.32542907294334e-133	-0.324779148425228	0.94	0.99	4.58850290762253e-129
4.38791464244779e-131	-0.325414890771126	0.848	0.958	1.519052170069e-126
3.85915138824724e-93	-0.327349386898029	0.55	0.708	1.33599961909731e-88
1.79934016971646e-102	-0.327530757896675	0.147	0.272	6.22913573354142e-98
1.7353197405261e-92	-0.328512541693346	0.767	0.855	6.00750340972729e-88
7.22430234887522e-126	-0.32940458796226	0.91	0.955	2.50098123015711e-121
3.00967897421713e-60	-0.331028358390093	0.384	0.5	1.04192076408423e-55
1.84609745591151e-86	-0.331557399042441	0.706	0.779	6.39100478262007e-82
2.46823049834787e-108	-0.332062084184166	0.229	0.376	8.54476716223049e-104
1.08409336097263e-97	-0.335928295202478	0.364	0.518	3.75302280635115e-93
2.52046255121554e-57	-0.336140394657175	0.334	0.439	8.72558930605307e-53
6.12596550670628e-73	-0.336229759550549	0.536	0.659	2.12074799876665e-68
1.39606606550865e-84	-0.33673640727164	0.454	0.601	4.83304111218438e-80
7.87646969060057e-81	-0.337511118972985	0.545	0.687	2.72675504218901e-76
4.87774837126891e-153	-0.338480880556314	0.922	0.959	1.68862770864958e-148
1.23106722497615e-167	-0.342261306118885	0.857	0.96	4.26183162614494e-163
2.63661941861712e-129	-0.342330760716778	0.895	0.948	9.1277127653106e-125
1.75675526248605e-83	-0.342358854174662	0.16	0.274	6.08171104320045e-79
5.51044457668734e-68	-0.342401656007691	0.833	0.894	1.90766080800339e-63
1.19470076502154e-67	-0.342627136901118	0.757	0.808	4.13593457842805e-63
3.54101398249872e-115	-0.342892401114382	0.817	0.888	1.22586363060123e-110
5.46519715919525e-99	-0.343899008465074	0.553	0.711	1.8919966045418e-94
4.18863731521811e-101	-0.34395515955974	0.425	0.578	1.45006435215536e-96
9.36569687245933e-77	-0.344385539576383	0.55	0.655	3.2423106002767e-72
1.60978160101308e-82	-0.345329310273928	0.329	0.463	5.57290292454719e-78
2.22646243860518e-144	-0.346436888353983	0.794	0.897	7.70779031620728e-140
5.48768694161778e-93	-0.347021200100002	0.497	0.642	1.89978234231866e-88
2.34710297748985e-110	-0.347749162608198	0.403	0.569	8.1254357977721e-106
8.8172430271538e-61	-0.348131797486374	0.259	0.371	3.05244136357037e-56
1.38728669699692e-90	-0.348340388842648	0.655	0.776	4.80264781633363e-86
4.8987010593051e-93	-0.350148361176425	0.623	0.753	1.69588131972083e-88
3.34874078073029e-41	-0.35446903394963	0.336	0.422	1.15930057088102e-36
1.98085175638975e-93	-0.354509258526094	0.333	0.481	6.85751069544567e-89
1.73840422514751e-74	-0.354886939408245	0.458	0.588	6.01818158703817e-70
2.05744771977014e-99	-0.355498360218515	0.821	0.879	7.12267826107223e-95
9.90226755636122e-102	-0.357517913504409	0.37	0.522	3.42806600533669e-97
4.35153934298405e-106	-0.358159903397976	0.623	0.778	1.50645940514765e-101
8.73761940056048e-104	-0.358187650695149	0.609	0.756	3.02487646028003e-99
1.24830854264264e-72	-0.361188573594161	0.166	0.269	4.32151934377456e-68
2.05382484358692e-130	-0.361966864830921	0.75	0.868	7.11013622601355e-126
5.15942909544552e-107	-0.363891347555955	0.284	0.436	1.78614275855228e-102
2.45967518441962e-114	-0.364046873062139	0.553	0.702	8.5151495209423e-110
4.25460942311664e-126	-0.365966411027602	0.447	0.626	1.47290323618875e-121
1.52741363559205e-188	-0.36641198906405	0.901	0.993	5.28775326505612e-184
1.31387961692086e-120	-0.366463604236044	0.576	0.74	4.54851984581833e-116
4.28418477816733e-143	-0.366731626830187	0.749	0.882	1.48314192835375e-138
1.40937986684732e-188	-0.370821409237795	0.151	0.335	4.87913216103873e-184
4.73665244518954e-113	-0.370901190007233	0.806	0.912	1.63978171000017e-108
2.90572357242766e-150	-0.371757661617159	0.795	0.941	1.00593244353873e-145
1.85528526303241e-100	-0.371903176063072	0.179	0.309	6.42281205209192e-96
3.40245629467025e-109	-0.378418057561406	0.483	0.633	1.17789634465189e-104
4.84928307489651e-223	-0.379641107499418	0.948	0.984	1.67877330769842e-218
7.60585729171137e-133	-0.382978619637447	0.492	0.67	2.63307173581756e-128
4.23779246039768e-95	-0.384187986800536	0.529	0.669	1.46708137186507e-90
3.56414121414489e-138	-0.384681320857724	0.495	0.674	1.23387004692482e-133
5.64441442131778e-148	-0.384835355271405	0.917	0.979	1.954039828516e-143
2.31786210430509e-69	-0.386035099541617	0.428	0.545	8.0242068188938e-65
1.31554202167722e-105	-0.38633894914523	0.389	0.539	4.55427492484438e-101
1.8478582128167e-113	-0.387431304461547	0.707	0.825	6.39710034695014e-109
3.89820165896635e-68	-0.387495051856652	0.463	0.575	1.34951843231756e-63
4.56320654439394e-153	-0.388895126500872	0.847	0.934	1.57973647360374e-148
1.41360927008588e-130	-0.389025449776114	0.529	0.694	4.89377393211031e-126
1.85652491665095e-95	-0.389421763831057	0.524	0.659	6.42710360895393e-91
3.67301610423264e-102	-0.392257777518727	0.311	0.456	1.2715614451243e-97
7.60036496959276e-132	-0.393806375589786	0.22	0.378	2.63117034882332e-127
1.95743731071389e-149	-0.395285524543065	0.718	0.837	6.77645222596041e-145
1.0538008258474e-110	-0.395463294914906	0.336	0.495	3.64815307900112e-106
1.10589618461623e-73	-0.397656458112652	0.407	0.531	3.82850200152292e-69
3.28321656944601e-137	-0.398561165870426	0.675	0.802	1.13661674417651e-132
1.77542598093782e-115	-0.39916008375652	0.361	0.522	6.14634720340863e-111
6.06123206750342e-67	-0.399179585685866	0.521	0.631	2.09833792944901e-62
3.74064702599882e-132	-0.400573801710849	0.766	0.872	1.29497459393053e-127
1.00849061334848e-221	-0.406265057006423	0.922	0.967	3.4912936543511e-217
1.26960578223278e-77	-0.406312989926685	0.269	0.393	4.39524825751166e-73
3.93599517359636e-127	-0.406731534637933	0.588	0.733	1.36260216914732e-122
1.01364124520706e-203	-0.411935875004052	0.895	0.96	3.50912462678233e-199
5.65801064002291e-226	-0.413988590941987	0.912	0.974	1.95874670346953e-221
1.01327474956365e-169	-0.415812277146685	0.759	0.897	3.5078558555144e-165
8.17272534042088e-98	-0.416991534164109	0.463	0.599	2.8293157856003e-93
1.33916067880592e-165	-0.420729833078947	0.632	0.812	4.63604035395822e-161
4.25803199941152e-178	-0.4210275772032	0.428	0.642	1.47408809787627e-173
4.69246311372759e-143	-0.424531046012603	0.156	0.307	1.62448380534136e-138
2.51896536902108e-103	-0.425117983490729	0.147	0.272	8.72040621101408e-99
2.25916829720473e-126	-0.42618609330695	0.716	0.833	7.82101472809306e-122
1.03453945403603e-129	-0.426625222541399	0.335	0.504	3.58147213592733e-125
2.67535731198629e-130	-0.429538969356126	0.322	0.492	9.26181947836534e-126
3.84862528915624e-184	-0.432196312579767	0.859	0.954	1.332355588853e-179
2.94294174213241e-20	-0.432501271883777	0.928	0.947	1.01881700170882e-15
7.24396801735442e-55	-0.435353230592435	0.628	0.704	2.50778928792793e-50
6.12654691581042e-206	-0.436002437767982	0.76	0.936	2.12094927678441e-201
1.66069313616296e-214	-0.436590863415391	0.902	0.986	5.74915356808256e-210
3.02143402564275e-132	-0.436748805376234	0.352	0.524	1.04599024533727e-127
9.61723944062095e-128	-0.436919963594151	0.658	0.775	3.32939212194857e-123
9.49302566403401e-164	-0.439484526171129	0.788	0.903	3.28639055463193e-159
1.2997176141561e-107	-0.439592256735317	0.499	0.645	4.49949240844699e-103
1.63671041484256e-208	-0.441130885687884	0.778	0.93	5.66612778514346e-204
1.85234591713428e-115	-0.444989717642864	0.801	0.873	6.41263633052715e-111
3.32911497386676e-208	-0.44810653933429	0.736	0.926	1.15250631280294e-203
6.22528429633354e-128	-0.45090103047934	0.341	0.51	2.15513117054771e-123
1.22121094745772e-149	-0.451420652646448	0.768	0.874	4.22771017900387e-145
3.30671804175136e-220	-0.452818257371492	0.763	0.883	1.1447527188739e-215
2.63753333363886e-132	-0.453213675521379	0.306	0.476	9.13087664772436e-128
1.69518025948878e-177	-0.4550372074121	0.792	0.929	5.86854454032419e-173
3.21381042210012e-225	-0.455471636246538	0.115	0.296	1.11258903002684e-220
2.78397332395715e-168	-0.456614302297501	0.369	0.559	9.63783725020726e-164
3.18688592803557e-191	-0.460595961095394	0.814	0.949	1.10326803942663e-186
1.72449201952546e-98	-0.462096599989658	0.354	0.496	5.97001892239519e-94
1.76368038191461e-86	-0.468695080238449	0.682	0.761	6.1056851141502e-82
4.32581122893817e-304	-0.470209058831855	0.964	0.998	1.4975525893461e-299
3.75293204119897e-230	-0.472845887283474	0.791	0.908	1.29922754334267e-225
0	-0.475165678572954	0.425	0.781	0
4.35830536048421e-254	-0.482334235583277	0.123	0.317	1.50880173274603e-249
5.52864915200904e-156	-0.484813227354762	0.569	0.722	1.91396304993401e-151
1.19773162117641e-98	-0.488312220838669	0.297	0.443	4.14642709935061e-94
3.29163136256821e-301	-0.495043640552879	0.151	0.389	1.13952986140749e-296
1.51609075164072e-171	-0.495500020110321	0.357	0.554	5.24855457310501e-167
1.51399302411954e-191	-0.496362128084185	0.679	0.826	5.24129245019943e-187
2.21179588724546e-145	-0.500053539052169	0.308	0.479	7.65701618205506e-141
2.02790846717201e-219	-0.500584744427619	0.847	0.936	7.02041632250277e-215
5.80260135111892e-145	-0.505806216308386	0.286	0.455	2.00880256174386e-140
1.93079723549648e-111	-0.507069080312971	0.18	0.315	6.68422694956527e-107
3.64502892447987e-176	-0.51079512424629	0.129	0.287	1.26187256336569e-171
5.13383897206205e-238	-0.51227133030338	0.178	0.384	1.77728371373816e-233
3.01520016972798e-243	-0.516294493063232	0.959	0.993	1.04383214675813e-238
3.32313600596041e-199	-0.516623798875964	0.715	0.875	1.15043645390343e-194
9.42729819601429e-225	-0.519597806227283	0.631	0.811	3.26363636247819e-220
1.40225988601798e-190	-0.524915793157187	0.431	0.633	4.85448349940566e-186
8.66533121300636e-167	-0.525096987336225	0.14	0.297	2.99985101263067e-162
1.2695138377014e-27	-0.525510107436198	0.355	0.415	4.39492995473849e-23
8.04430474450546e-53	-0.526728743936942	0.332	0.43	2.78485785950034e-48
1.42404937307221e-168	-0.527502204040849	0.473	0.66	4.9299165246387e-164
5.70706426143867e-117	-0.528085383240724	0.533	0.682	1.97572857666745e-112
1.80720492858652e-223	-0.531718857086467	0.38	0.616	6.25636274227367e-219
7.14754879962546e-243	-0.535110960505385	0.646	0.83	2.47440991894234e-238
0	-0.535285508288947	0.893	0.982	0
9.75677975676794e-205	-0.539566920784329	0.593	0.772	3.37769958399549e-200
5.1888603787425e-106	-0.5433646231755	0.464	0.592	1.79633157451687e-101
0	-0.543752621932957	0.878	0.983	0
1.44920085307736e-195	-0.547684658208794	0.366	0.575	5.01698843326851e-191
1.17401391518787e-194	-0.550871274079666	0.722	0.872	4.0643187729889e-190
5.02937445414384e-204	-0.556404752518938	0.225	0.422	1.74111914228006e-199
9.16334451685402e-202	-0.55757448496378	0.376	0.586	3.17225823828969e-197
4.54531095762122e-238	-0.560001038062243	0.846	0.933	1.57354120041889e-233
8.45945526534881e-11	-0.560241552852997	0.626	0.635	2.9285788183111e-06
6.16776739534869e-234	-0.564288890870008	0.586	0.78	2.13521939459576e-229
4.33474078385203e-168	-0.565787162050236	0.519	0.693	1.50064391196173e-163
0	-0.568496672669642	0.942	0.999	0
6.17175481556993e-197	-0.570389651854085	0.113	0.274	2.13659979960216e-192
3.60549214811098e-184	-0.573534382783446	0.536	0.732	1.24818532675454e-179
4.60645454991926e-259	-0.576473895364712	0.112	0.306	1.59470850063655e-254
3.96677135749809e-262	-0.583903819340227	0.64	0.829	1.37325657625226e-257
9.16355586414099e-74	-0.586418620900153	0.189	0.298	3.17233140460697e-69
7.93838837039634e-226	-0.599745247660141	0.445	0.651	2.74819066994751e-221
5.33548890362825e-245	-0.604035737604031	0.589	0.796	1.84709290354706e-240
9.9844740948812e-300	-0.604269207240983	0.717	0.905	3.45652508690692e-295
2.14358052698659e-178	-0.605551099974327	0.398	0.582	7.42086142637487e-174
0	-0.606326416387998	0.885	0.989	0
0	-0.607681084498402	0.985	0.999	0
2.29560874347389e-296	-0.620380493386295	0.129	0.341	7.94716790903225e-292
0	-0.621226444695027	0.789	0.911	0
5.23807035148071e-265	-0.621267943804116	0.5	0.732	1.81336757497911e-260
4.9149077889523e-243	-0.626244976289566	0.484	0.693	1.7014919274574e-238
1.14816540824936e-101	-0.629509566494347	0.219	0.349	3.97483382681845e-97
0	-0.631681830838415	0.003	0.25	0
9.39848621503081e-265	-0.63596403560389	0.385	0.615	3.25366194278152e-260
1.34306306042111e-227	-0.641956319698059	0.775	0.919	4.64955000887183e-223
5.03052227682777e-274	-0.643008683222797	0.541	0.767	1.741516507015e-269
0	-0.645278136100427	0.358	0.724	0
4.72918779838276e-191	-0.646547283397444	0.325	0.519	1.63719752392213e-186
6.90955765538519e-86	-0.65051834352192	0.641	0.749	2.3920197647178e-81
0	-0.655274619069901	0.752	0.915	0
0	-0.660837360688925	0.594	0.798	0
1.8392865247831e-237	-0.660853660957059	0.832	0.931	6.3674260201466e-233
0	-0.663340616788781	0.943	0.994	0
9.21793132472094e-204	-0.66962784358946	0.283	0.486	3.19115564530514e-199
0	-0.6749213415192	0.948	0.99	0
1.61557034917915e-284	-0.677280115362766	0.64	0.86	5.59294299182329e-280
6.98202727481512e-287	-0.684645837083713	0.12	0.323	2.41710802226825e-282
1.31846171038151e-266	-0.699417532576555	0.657	0.829	4.56438259516975e-262
0	-0.709627516488348	0.193	0.438	0
0	-0.721947640872258	0.12	0.404	0
1.76618593349015e-246	-0.732842062707521	0.465	0.687	6.11435908314955e-242
3.50304980085569e-176	-0.744927564004202	0.507	0.688	1.21272081055823e-171
1.24287011587568e-283	-0.745840181912159	0.464	0.699	4.30269205415003e-279
5.73700803915224e-307	-0.748486648569057	0.272	0.507	1.98609481307411e-302
0	-0.762457235796517	0.849	0.935	0
0	-0.769868551311248	0.209	0.479	0
0	-0.781903785090859	0.788	0.941	0
0	-0.786392193786167	0.343	0.611	0
0	-0.797799594706038	0.757	0.954	0
0	-0.817818364893982	0.891	0.996	0
0	-0.822475627798308	0.596	0.847	0
5.65661771102171e-259	-0.826797384545925	0.502	0.704	1.95826448537861e-254
0	-0.832450713312476	0.571	0.826	0
0	-0.834912933124293	0.738	0.957	0
1.6829233888836e-182	-0.844885960010898	0.378	0.556	5.82611247997613e-178
0	-0.851090058626485	0.587	0.799	0
0	-0.905942535708617	0.305	0.716	0
2.05658968561033e-256	-0.931434689976197	0.379	0.607	7.1197078326144e-252
0	-0.986035582452054	0.778	0.936	0
7.78280433883899e-154	-1.07158566119107	0.155	0.311	2.69432903406267e-149
0	-1.14272304141794	0.748	0.924	0
0	-1.28172901018192	0.401	0.791	0
0	-1.29082555861457	0.467	0.857	0
